100002050696050
124302677
780532789
752940161
100002409570099
100000897535502
722632880
100001271558451
1207291203
689400451
1079618312
814254745
1389416960
100000712956116
1360363410
502176404
100001895215041
1409677505
100002459206762
100001085201973
616949120
527500640
1596024377
100001043569296
35601003
100001809789798
1129100870
100000810107896
100001994003897
504495573
555691246
100001177350282
517127073
1184498287
560684960
1557587289
500340424
100000043673583
613288652
541912208
525078926
124303205
124303629
73101192
100000882376213
100002355684470
567738113
124303249
516124757
124303011
502872953
100002346527391
100002848497425
770250132
1285639102
1799816800
100000023702905
